0
48
48
4c
4c
4c
4c
20
57
57
52
4c
44
20
48
45
4c
0
45
20
57
4f
52
4c
4c
0
48
45
45
4c
45
20
20
57
0
52
4c
44
20
48
45
4c
0
45
20
57
4f
52
4c
44
0
48
45
4c
4c
45
20
57
0
52
4c
44
20
48
45
4c
0
45
20
57
4f
52
4c
44
0
48
45
4c
4c
45
20
57
0
52
4c
44
20
48
45
4c
0
45
20
57
4f
52
4c
44
0
48
45
4c
4c
45
20
57
0
52
4c
44
20
48
45
4c
0
45
20
57
4f
52
4c
44
0
48
45
4c
4c
45
20
57
0
52
4c
44
20
48
45
4c
0
45
20
57
4f
52
4c
44
0
48
45
4c
4c
45
20
57
0
52
4c
44
20
48
45
4c
0
45
20
57
4f
52
4c
44
0
48
45
4c
4c
45
20
57
0
52
4c
44
20
48
45
4c
0
45
20
57
4f
52
4c
44
0
48
45
4c
4c
45
20
57
0
52
4c
44
20
48
45
4c
0
45
20
57
4f
52
4c
44
0
48
45
4c
4c
45
20
57
0
52
4c
44
20
48
45
4c
0
45
20
57
4f
52
4c
44
0
48
45
4c
4c
45
20
57
0
52
4c
44
20
48
45
4c
0
48
45
4c
4c
45
20
57
0
52
4c
44
20
48
45
4c
0
45
20
57
4f
52
4c
44
0
48
45
4c
4c
45
20
57
0
52
4c
44
20
48
45
4c
0
45
20
57
4f
52
